7.885269970839435538e-02 1.331849700169447814e+00 3.847157819277571139e-02 5.913835001365659420e-03 3.065937400619910425e-03 2.103746682464132933e-01 1.503828048385227045e-01 1.701866013765038557e-02 1.406250000000000000e-01 1.002777777777777990e-01
4.751864298120264674e-02 7.248080970793988609e-01 5.087756143634406675e-02 7.596416412771406397e-03 4.204454444525171711e-03 2.174750382708987850e-01 1.314709376183439971e-01 1.924342025827362537e-02 1.841190082644629522e-01 9.491378430772368091e-02
4.881394338718069922e-03 1.761002927551082176e-01 7.557598644594216986e-02 1.977235992583652787e-03 5.952567869291355402e-06 1.936910468553748321e-01 6.343962196678908372e-01 2.503675956567696925e-03 8.080228408979507615e-02 1.369569916287556310e-01
6.884590729803873044e-02 5.668567098328562981e-01 6.094660269265254893e-02 4.019549300159673078e-05 1.444324474118502052e-02 2.491786007655961421e-01 5.112201970232118642e-01 1.401656513979029081e-03 6.702001187246239833e-02 1.402468447201597745e-01
1.275098224017750803e-01 1.000957450260400172e+00 6.693129578057355200e-02 4.395137752382538592e-05 3.561744794330627684e-02 3.100487165546420010e-01 3.151457185946319184e-01 5.301476238426187058e-03 9.959352335975665826e-02 1.176804504310334509e-01
2.357491472710847996e-02 2.286913500037631580e-02 3.251888351374992991e-02 9.283283083727970035e-06 8.248476577947307445e-03 6.540901549209043875e-01 8.767966269887779093e-03 1.106357358858746538e-02 8.291291445731507892e-02 1.300786019648051406e-01
3.084731425666063873e-04 1.226823360344765357e+00 1.093779825004384185e-02 1.566588806713478080e-04 9.706237714673008428e-04 8.586858199121540913e-01 4.827199803632303138e-02 3.361840101614316234e-02 4.484977069773116165e-02 1.619128574224911188e-01
9.681421184285171275e-03 5.704921062898443695e-01 1.260717922706410671e-02 2.458256488637155504e-04 7.883508639719336540e-04 8.825241684368739792e-01 5.151802289000726592e-02 3.550103512585331411e-02 3.568174052007941355e-02 1.680682069050974670e-01
1.532574144494556166e-02 6.204979381730056920e-01 1.244034341733729100e-02 3.548280033024243046e-05 1.248174755773955253e-03 9.010113065708172941e-01 4.977392724770844934e-01 4.656983935530494001e-02 6.137169544727722609e-02 1.495266633305300519e-01
1.440240259458358887e-02 6.815789324747490996e-01 1.149073820923583039e-02 8.490406780938707836e-05 2.042935742675750822e-03 9.120281131213466841e-01 4.251349090424371147e-01 4.228951634890551481e-02 6.425222057568270861e-02 1.477916647804964068e-01
2.010247590903729321e-03 1.143512718114906956e+00 9.286793685720270281e-03 6.756710009515941393e-05 1.640925179350456254e-03 9.097917808685036523e-01 4.052818346676089756e-01 4.361360675337846299e-02 6.684398461124591018e-02 1.469279406908416685e-01
1.985113562917892663e-02 6.029730467441098973e-01 1.246221619408613250e-02 1.426197338792143983e-05 2.041584864657115805e-03 8.931478721874674953e-01 5.039445036067647932e-01 4.361713091602746617e-02 6.898488960182733165e-02 1.425500466830888213e-01
