3.921188307236293802e-02 7.250553631701531776e-01 2.137655507505208671e-07 1.338031145910669340e-04 1.240399861339743469e-02 1.360242744123755232e-01 2.611428645620320066e-01 4.177739984503800317e-05 4.551111111111109248e-02 6.625857338820305420e-02
5.887861087554507877e-02 1.234380951958906625e-01 1.368706502275345363e-02 4.472978302885976566e-03 4.000149648859131941e-03 2.520232766821947634e-01 6.486578247179480838e-01 9.789361535749083881e-03 1.681000000000001382e-01 4.499540863177231564e-02
2.438605870657517272e-01 1.850675305792114367e-01 5.022319149659298758e-03 1.837162622973842941e-07 5.151251758899074145e-04 9.866004147906922706e-01 1.728282114232209787e+00 7.905943729666596587e-02 2.361243015390663072e-02 1.097220074042608018e-01
4.905112321062635779e-04 2.737844553454420460e+00 2.002926130626461829e-03 8.009992677886463663e-05 1.738689767124378636e-03 1.385738629483596940e+00 2.524901201968561271e+00 9.879076904069969411e-02 8.030040079521580387e-02 9.662459954785472538e-02
3.900736290063550743e-02 2.371755979996540975e-01 1.144961262728264560e-02 1.118522729054241723e-03 9.546711454679545142e-03 6.288322657718922182e-01 1.044446368383645934e-01 1.218912202227164128e-02 4.067414543498354407e-02 1.316910847813275720e-01
9.043668617091611683e-02 2.198185081677590247e-01 1.221131687880472501e-02 3.558136662433600485e-07 2.596026000297744010e-03 8.313138293065109874e-01 1.066821340750172986e+00 5.038504769759882124e-02 5.443978020984456545e-02 1.221873007018553503e-01
8.159931967088746019e-02 9.348070874041121414e-02 1.897582040242176693e-02 1.988967876542901806e-04 9.135123329163648363e-04 8.897311908941819558e-01 9.440775336768785220e-01 5.885115091805936949e-02 6.080992291443862441e-02 1.269875844842342505e-01
2.510477753662952033e-02 2.299742635451673678e-01 2.112901325466303923e-02 2.170687287316882771e-04 2.768887514700013337e-04 6.725440138784957167e-01 3.643510144591954880e-01 4.185950210565307639e-02 6.918514752764509668e-02 1.335075097074300832e-01
2.556647514410686495e-01 2.972607356971405101e-01 2.931896140892947464e-02 1.668746359063793202e-05 1.320920277729170124e-03 7.600430617654121423e-01 3.868131627367317193e-01 3.888791328392705859e-02 5.971659011569659808e-02 1.412866809786896549e-01
1.040516300486337420e-01 1.507066309083009495e-02 2.093838682008730689e-02 1.834908668074308117e-04 3.885649896405416501e-04 7.658672203307342885e-01 3.902774764338988178e-01 4.504081683519128854e-02 5.396836493081647729e-02 1.177288231636968580e-01
7.080272914906132753e-02 6.697873075638413609e-02 2.007745954981411673e-02 2.287309726862850464e-04 1.671323191118852030e-04 7.210665428052135395e-01 3.302710861978279122e-01 4.420356433542262098e-02 5.044802811106392781e-02 1.145180462113791625e-01
4.836623463353099950e-02 1.769461121823971139e-01 1.769192847065720678e-02 3.783765694179969498e-04 1.157430876873409118e-05 6.896026654606224326e-01 3.001844160399767536e-01 4.555270834133210572e-02 4.673244191706794198e-02 1.048507368560454428e-01
