2.723807186563817151e+00 5.485149428618581346e+00 1.231930819764620426e-02 3.497024302568207260e-02 4.358895329721206024e-02 2.958929460509712728e-03 2.271119715424732843e-01 5.092321296445774526e-02 3.599999999999995998e-03 6.157750342935527921e-02
2.554228962877312714e+00 2.950294246538378573e+00 3.793121944409062057e-02 5.861873390520982302e-02 8.383543149825380125e-02 2.216587967279303947e-02 2.632137606363287863e-01 9.903089284081960375e-02 2.591735537190107026e-03 6.844301601877364472e-02
5.239914999217640812e-01 1.972325092200458846e-02 1.538150069249926213e-02 5.431212027925780110e-03 1.191876592255565123e-02 5.479704958278655818e-04 7.642104865280033299e-02 3.148318856977972736e-03 1.164093324183896466e-01 3.843152632094910814e-02
1.701827198920869422e-01 1.030768222371325038e+00 1.484891591226306790e-02 7.588150094852103922e-04 2.629561934571331876e-04 1.229187202195266247e-03 4.032599475554939084e-02 6.290811380651604307e-03 9.438753789825274354e-02 4.014206426111945752e-02
2.609755751746352104e-01 3.329936357336928388e-01 3.600801211382709342e-03 1.780826255742974868e-03 6.450233344986452261e-03 5.226364038399673728e-02 8.039624906495031198e-02 9.545322023435062232e-04 9.468685200912740907e-02 6.038423829965871431e-02
2.641106295492996470e-01 3.719904565027817162e-02 1.282261308652999285e-05 3.588267991364752245e-04 2.735713873627305340e-03 6.678441153197736679e-02 6.821598761302488656e-02 3.321074227048968850e-03 9.984463000883503359e-02 6.369814716286714695e-02
1.567761728777970487e-01 2.167110296855983276e-01 3.269426302435241970e-03 6.848301780458617869e-04 1.551271793257308536e-04 1.270462012334518283e-02 2.807448521281157017e-02 4.441292496442041451e-03 6.239306717340266373e-02 4.182806070259374731e-02
5.965312117341542431e-02 1.790343696144056918e-01 5.250841651448115086e-03 2.595836087311888534e-04 1.928329262850291882e-04 3.101983853897113605e-03 2.626968029234899582e-03 4.867454818024637836e-03 3.717635891744663218e-02 2.335098000135171076e-02
8.434057985739969177e-02 9.958015203458901732e-02 1.339273016751514655e-03 3.124748929871235675e-04 1.365535741730859536e-04 2.965791235328450910e-03 4.887452970936157458e-03 3.084424383771126529e-03 3.595518277582157585e-02 3.125138245060339603e-02
7.090790275854738645e-02 1.367335417673357922e-01 8.777402309617597089e-04 2.854821734614825792e-04 8.137774171654090535e-06 8.783001807072272210e-03 2.141498719783902546e-03 3.989734614582411860e-03 3.624504724200627859e-02 2.976870602699668855e-02
7.343173057923102487e-02 1.149067629406687746e-01 7.390024700433513519e-04 3.142694446820827646e-04 5.484467409535059284e-06 9.714053712840150026e-03 1.259858680814949367e-02 4.726331319124778968e-03 3.022083373247517329e-02 2.642506451182463981e-02
6.877484693016197581e-02 1.052561236142372375e-01 6.802778089265772718e-04 2.993891750985189118e-04 3.718072595901599821e-05 5.817974330005547257e-03 4.421207582124419763e-03 4.293034360540011300e-03 2.775311708019108370e-02 2.502623894043408750e-02
