1.225290662652152029e+00 2.878265684729792895e+01 3.876992053630764351e-02 1.018980411378423399e-02 1.219795515040578149e-02 1.221010219701116045e-03 4.602746589334879082e-03 5.508546998942844691e-03 2.116000000000001491e-01 8.561042524005484100e-02
9.614290955369979574e-01 2.167566312594538402e+01 1.725899885510129295e-02 5.067161949344003297e-03 9.376867966592374384e-03 1.291113060146587780e-03 2.566347866388038641e-03 2.719342634952809975e-03 2.401000000000000634e-01 7.999183756759523090e-02
5.318341422522720324e-02 1.149262882494707760e+00 3.773562337678377371e-02 6.931945968953458388e-03 2.814247768078998681e-06 3.829244962618968962e-01 2.713078639814636120e-04 2.211395420923347593e-02 3.011944809332418593e-01 7.052559601394689515e-02
4.683851641295143017e-03 1.723465747881497645e+00 6.572288525582261655e-03 6.213819195596357453e-04 1.348900574151157706e-04 8.830647431677106363e-02 2.698512357304322373e-02 4.791076751490082851e-03 2.041380297289666634e-01 7.997017030230807455e-02
5.902758442536761019e-02 2.607287524110107335e-01 6.392309261705741812e-03 1.754393456445162556e-05 3.893411246958887635e-03 1.138065825961586675e-01 7.197450669839700402e-03 1.986428483532400903e-03 1.463654842659856126e-01 7.720983509528299427e-02
1.515724632123498505e-01 3.586597761243067883e-06 9.198973716391755859e-03 3.640375236746923679e-06 5.680641381890775242e-03 2.151295142671163507e-01 2.649374843853603487e-02 4.737173989877299825e-03 1.091541210903796133e-01 7.587640243710477850e-02
7.685903116007833380e-02 6.957347702505491116e-02 9.846253287808511088e-04 2.377077808804485797e-04 2.361398683973040761e-03 1.200912105841751426e-01 1.229784718642729646e-01 7.258715596384459831e-03 4.708405351923314330e-02 4.155767904879004854e-02
6.077625605286181287e-02 2.231841492844363964e-02 6.310921367245030979e-03 4.966625556414599221e-05 2.034204075836229184e-03 1.136505619388300525e-01 1.015408683497434454e-02 4.414918010873099610e-03 5.894442100735423906e-02 5.131363237643736530e-02
1.409441454946400718e-01 5.105500004002463954e-03 4.171887350007342544e-03 1.911790054952601243e-04 3.036490661885188347e-03 1.330945440968842319e-01 3.792969440703224115e-02 4.767890202466125785e-03 7.015784192266737163e-02 5.979682062801509879e-02
1.360484277854784596e-01 4.043039165670922301e-03 6.186561434824938352e-03 1.801304215646191758e-04 2.681542676909859629e-03 1.429913636231816554e-01 1.623109729150142705e-02 4.762570337189082036e-03 7.535016765276683626e-02 6.915094829081441796e-02
1.127048368615255203e-01 1.413195554510080290e-02 2.131614209376077665e-03 2.560656799765719384e-04 1.366539967653923084e-03 9.327410008406113173e-02 1.666315018605481549e-02 4.891648818457164198e-03 5.397278776594090222e-02 5.207872154248765345e-02
1.049198422789359847e-01 1.282399572886005340e-02 2.732532732222507210e-03 2.091179476755171721e-04 1.471421109030939542e-03 9.045692321464790520e-02 9.924772968486265251e-03 4.339467993809918538e-03 5.573814728780807082e-02 5.176772904574274831e-02
