6.761009815329005468e-01 1.960733379000874965e+00 3.706300274050909616e-02 1.716782148221224387e-03 2.169382352367074551e-05 9.931692863245475955e-01 2.885298526471569591e+00 8.479577415514742700e-02 4.694444444444457326e-02 1.111111111111111049e-01
6.683376982027996460e-01 2.171176161563173945e+00 4.825566849519268703e-02 5.073738708035888112e-03 3.993023157021357780e-03 1.028137673394473817e+00 2.685991990443234112e+00 1.220094843081767216e-01 4.036446280991744934e-02 1.228537904295479294e-01
1.329668608487712678e-01 3.919572708269320471e-01 8.148306034459033842e-03 3.645988533042058264e-04 4.505173917689982502e-03 1.481857083590477187e+00 5.085312225202382130e+00 2.067973801888146890e-01 2.981605724928946405e-02 1.600880209033006818e-01
4.215295596206012352e-01 1.274308280635912767e-03 9.632001144783514449e-03 2.981865691436086329e-08 1.957079056947579488e-03 1.248529321878472320e+00 4.381620224843726596e+00 1.117080689231902263e-01 6.641165612885970015e-02 1.319837154748437213e-01
1.350031014257703499e-01 5.447160677128917161e-01 5.511504692227039981e-03 8.394306972709495679e-07 9.684540044212470002e-04 1.185494543050510607e+00 3.117852576072134507e+00 1.025336773938609475e-01 6.301554429586396500e-02 1.310152312383416617e-01
7.191783719331217017e-02 4.043640129331714794e-01 1.207342542649810120e-02 1.860614488004757119e-04 2.554528899358497101e-04 8.861494572718974227e-01 1.401213963264370754e+00 7.239757539068840397e-02 6.751686715363056090e-02 1.238036331936749890e-01
2.033240883212197175e-02 5.964239307478774732e-01 1.341652620138165768e-02 1.057873823468140763e-04 5.776534715141944630e-04 7.884360676719569527e-01 4.279990987128575730e-01 4.568996314562986244e-02 6.182795115042220846e-02 1.274408621575033318e-01
1.763433870487252780e-02 7.423819220262936058e-01 1.228908330085617430e-02 3.481195180584016028e-04 1.527507255643432526e-04 7.802938200768596566e-01 4.049548888785960976e-01 4.916108349023947527e-02 4.717683033816675447e-02 1.048254738569750627e-01
8.333981766164857974e-03 1.296844218668735227e+00 6.535845287849783268e-03 1.521211576498232793e-04 1.224122357578307462e-07 8.394851260329572185e-01 6.036022925983980381e-01 6.159766849094164276e-02 4.124446995614292760e-02 1.016980245732383575e-01
4.345424746484919526e-04 1.715956414503563288e+00 6.430952826588324026e-03 7.490259697529426126e-04 6.104608999517895833e-04 7.564444043412111851e-01 5.340726234985632148e-01 6.668711605931050557e-02 3.543419419701365758e-02 8.072384382195410546e-02
2.597790466086873085e-05 1.535824907272666184e+00 8.130242108903104614e-03 8.362119899868695073e-04 1.000335469156025210e-03 6.468816359742441957e-01 3.263200281788456447e-01 5.836627998150050595e-02 3.450551670415982070e-02 7.757214223337559333e-02
3.233872926673327639e-04 1.559844578833458728e+00 8.241583391683555623e-03 6.970793720048294728e-04 1.075132629205901268e-03 6.026452670248790833e-01 2.337624735120658881e-01 5.357830075148116433e-02 3.339834648641919895e-02 7.988908313188104737e-02
